%YAML:1.0
---
cam2UTM: !!opencv-matrix
   rows: 3
   cols: 3
   dt: d
   data: [ -8.7053333378646969e-01, 2.2933297859243060e-01,
       -8.3069202391471276e+02, 5.3681599535077773e-01,
       2.0278557412704767e-01, -3.0960560378502560e+03,
       5.9117089382971456e-03, 1.4271705467899232e-01, 1. ]
UTM2cam: !!opencv-matrix
   rows: 3
   cols: 3
   dt: d
   data: [ -2.5339021985666668e+03, 6.8715838212640233e+02,
       2.5053266482340960e+03, 7.5823781695067140e+01,
       -1.3752968752035258e+01, 1.7111269965023832e+04,
       -4.7595068765167797e-01, -6.8412876269593381e-01, 1. ]
reprojection_error: 5.9805230235595346e+00
yaw:  2.49468
Tx: 0
Ty: 0
