%YAML:1.0
---
cam2UTM: !!opencv-matrix
   rows: 3
   cols: 3
   dt: d
   data: [ -1.0105589463048469e-01, -1.6777279181355684e+00,
       4.4233372585850265e+02, -1.4269933349744168e-01,
       -2.8391446570329565e-01, -1.5828408439749433e+02,
       1.4510638245496068e-04, 2.3367222618526983e-02,
       9.9999999999999989e-01 ]
UTM2cam: !!opencv-matrix
   rows: 3
   cols: 3
   dt: d
   data: [ -1.8343414649816815e+01, -6.3443083498714167e+01,
       -2.0998018115647383e+03, -9.1239433401570391e-01,
       -3.8602626248049048e-02, 3.5925856945119011e+02,
       1.6353620369136332e-02, -1.2450625876754851e-02,
       9.9999999999999989e-01 ]
reprojection_error: 5.5811909344709401e+00
yaw:  -2.2207
Tx: -69.9959
Ty: -13.9168
