%YAML:1.0
---
cam2UTM: !!opencv-matrix
   rows: 3
   cols: 3
   dt: d
   data: [ -2.3560143327942278e+00, -9.4557946219048414e+00,
       1.1416262118609655e+04, -2.3589692344192645e+00,
       3.9067996569010610e+01, -3.5515262669397289e+03,
       -7.9956414176767833e-03, -5.2387668723214564e-01, 1. ]
UTM2cam: !!opencv-matrix
   rows: 3
   cols: 3
   dt: d
   data: [ 1.5589931126387000e+01, 5.1938326201858899e+01,
       3.5723225636882476e+03, -3.0676201818165943e-01,
       -4.3879198386131996e-01, 3.1554261038644086e+02,
       -1.3470753949326912e-02, 1.0423968613063907e-02, 1. ]
reprojection_error: 5.7565821825653281e+00
sum_world_error: 2.6284161517207694e-01
