%YAML:1.0
---
cam2UTM: !!opencv-matrix
   rows: 3
   cols: 3
   dt: d
   data: [ 1.4212241179018281e-01, -1.6179328741804930e+00,
       1.2715207866457887e+02, -1.5236006160561144e-01,
       -2.4268380913874887e+00, 5.1648303988168573e+02,
       4.4945096745084491e-04, 2.8505058225242071e-02, 1. ]
UTM2cam: !!opencv-matrix
   rows: 3
   cols: 3
   dt: d
   data: [ 2.9514845282421092e+01, -9.2513198364883493e+00,
       8.9152913537383472e+02, -5.2709383447605207e-01,
       -2.4589451669491039e-01, 1.5647818172481388e+02,
       5.8225781466834546e-03, 7.8424662984960015e-03, 1. ]
reprojection_error: 6.4140124086121943e+00
