%YAML:1.0
---

#原点位置的经纬高
#2hao
#lat0: 31.37447572
#lon0: 120.4202786
#height0: 11.916

#4hao
#lat0: 31.373718
#lon0: 120.4203869
#height0: 11.737

#tj-83-1:
lat0: 39.08245244
lon0: 117.0434205
height0: -7.038



#相关文件路径
calib_data_file: "../data/radar_83_1.txt"
